9 145 13
4318 5937
5506 5103
9840 1701
8721 4508
4824 5775
9335 2251
7714 2363
6635 9799
5001 5439
4259 8329
356 5989
1504 9478
1282 8829
8937 5730
7917 9477
5255 8899
6401 9735
4153 9496
8809 4980
263 696
2027 8564
7826 7748
4982 1798
9784 6380
4055 6035
5817 7955
9930 1055
3209 2766
7497 2011
883 2064
3383 1002
9771 2397
1135 7778
6581 7372
6854 9809
8244 4903
5729 123
1470 2638
5399 5921
2961 6482
1453 6613
4702 609
7125 7071
2056 1890
1957 4628
8744 9294
9233 6575
8158 888
1781 1216
1521 2922
6229 4127
767 2240
269 4927
1935 3694
8151 4677
3399 8480
6766 7049
6165 555
4027 5113
2129 8811
4937 1934
1401 9404
5454 7032
1049 303
3470 1497
5617 2294
5749 8581
6248 5782
1097 9052
6860 6332
1665 2028
5925 8483
2787 5111
3391 2806
70 4673
508 2072
9117 9547
4959 1422
2627 8603
4249 4494
2443 7722
112 2929
5527 2159
3930 4816
5354 5133
8560 3923
3913 366
2434 2506
5712 6736
488 661
5463 8215
1083 1474
7699 1275
9654 779
1274 1577
7818 3443
3516 8926
4390 1613
7839 7280
6371 9211
7763 3225
8727 2061
4230 7642
793 7873
5145 2932
7719 3677
9502 7399
8395 51
8724 9835
4294 7948
7988 8644
4638 6339
5178 7727
7960 3249
9416 992
4327 5691
298 985
4675 1734
5566 7963
8255 1397
2108 5109
2885 2437
3637 6735
1390 7089
5238 3812
8016 6988
8095 8763
8024 3012
3481 8184
2354 7050
9899 3823
6836 4660
7811 4629
5334 9938
9644 5189
449 8187
1354 8526
4758 5395
3961 1613
1452 5271
7002 5562
157 3984
5419 959
1775 843
906 7524
8926 6783
2678 671
771 2939
4536 9642
9403 8437
3296 470
4474 5608
2347 4746
1208 4400
0.7359 0.8991 0.7283 0.5085 0.5964 0.2625 0.8595 0.1634 0.5627
0.6977 0.4501 0.8102 0.7936 0.3416 0.3119 0.4904 0.7480 0.1059
0.2377 0.8731 0.5598 0.1691 0.6153 0.3520 0.4189 0.7327 0.6620
0.2797 0.4563 0.2347 0.4816 0.1765 0.3922 0.5620 0.3188 0.2307
0.7967 0.4176 0.2277 0.4610 0.5380 0.8418 0.3795 0.7141 0.3823
0.3203 0.3036 0.2767 0.5946 0.8589 0.3109 0.6772 0.3611 0.4724
0.8283 0.3529 0.4708 0.5434 0.3012 0.8805 0.4720 0.2233 0.3580
0.8637 0.7345 0.5257 0.3003 0.2804 0.5664 0.8914 0.7480 0.6839
0.5301 0.5690 0.1557 0.6282 0.5938 0.6233 0.6659 0.6555 0.4006
0.3338 0.3952 0.5368 0.8630 0.3590 0.7226 0.1063 0.1885 0.4942
0.6578 0.8440 0.2382 0.8766 0.3684 0.7556 0.2482 0.1547 0.5951
0.1398 0.1301 0.1088 0.8315 0.7908 0.2591 0.5797 0.5066 0.6613
0.4334 0.6790 0.2538 0.6168 0.8187 0.1517 0.3783 0.8678 0.4005
