11 151 31
2712 4326
6475 6395
3658 9488
3232 5779
344 1107
5924 3142
7368 920
8571 9822
2644 9818
608 8193
4102 706
293 6140
2602 4081
3755 7986
3523 4015
707 7983
6052 6678
9744 2327
7114 1505
2583 6558
1776 3996
7478 4872
9163 6849
5009 9005
8511 9226
202 8460
3478 1575
2854 6549
3498 970
1603 4063
804 1967
3701 1264
5705 9404
5310 2216
9728 395
1787 7899
7017 5499
9429 5380
897 7348
3219 6358
1464 617
1615 1101
1041 9804
1693 109
8298 451
1127 9032
4643 8755
7620 7466
2177 9239
7160 1304
8267 5689
3154 6993
4053 3867
8158 1937
6795 3464
6 1233
32 9247
7086 26
1524 2563
8067 8466
2445 2123
5330 8433
3684 8812
330 4647
7224 2242
5041 8569
2741 5342
810 7444
9166 7798
2586 3073
6521 8968
4391 13
6396 9283
4523 818
7516 250
4170 2105
7455 5888
5967 8914
8663 7053
851 6594
5436 4740
6460 5023
500 7904
1675 9210
1104 4492
6369 6590
9843 8918
4060 1854
3041 8288
7511 991
1517 3320
918 3897
9719 7331
2234 2533
2935 4904
5851 3420
2643 9128
5375 3977
1286 6547
6812 3079
8678 2039
3678 4224
8213 1743
9558 9125
5419 2436
5449 7945
9246 5989
1283 5053
939 4943
5080 4445
5693 1691
5886 2255
2174 1429
8461 8428
564 6108
8565 6220
1197 9235
2886 7834
5857 3049
7617 5874
2762 992
6076 4174
8928 9475
4295 5721
8002 2583
952 2945
7933 6931
242 5400
5034 3889
4573 1392
4794 5586
9946 4673
1853 1743
8824 9125
3778 5863
5999 7781
616 5196
7264 9790
7774 1140
4732 3704
3327 1837
530 6252
2451 5512
5158 1083
2455 2603
4566 7034
7871 7573
7696 4039
3922 3415
5199 9945
3546 6257
9090 9934
832 3540
3808 7473
1242 8785
3410 9554
3910 2435
887 7109
6650 4594
7364 3609
5078 8229
8905 2130
0.2937 0.8915 0.4428 0.4744 0.6414 0.3016 0.2610 0.4212 0.4167 0.3246 0.7850
0.1701 0.3846 0.3412 0.6489 0.6385 0.5927 0.1957 0.5007 0.3759 0.5869 0.3240
0.7225 0.1667 0.5291 0.4165 0.6556 0.2658 0.4391 0.2940 0.8656 0.1716 0.2943
0.3053 0.5720 0.8695 0.1682 0.1054 0.8607 0.3546 0.8154 0.7387 0.3521 0.4753
0.6288 0.4772 0.2631 0.2523 0.3523 0.5798 0.8433 0.1113 0.3714 0.3145 0.4702
0.5833 0.4664 0.5908 0.1894 0.7212 0.6772 0.3612 0.3209 0.2805 0.8220 0.6430
0.8244 0.4600 0.8307 0.5843 0.8969 0.1002 0.5888 0.6445 0.5011 0.8751 0.6940
0.6743 0.4476 0.1238 0.3375 0.2829 0.8051 0.4410 0.7589 0.4476 0.3222 0.6163
0.2560 0.5521 0.8370 0.2612 0.8413 0.4736 0.6646 0.5611 0.2864 0.8389 0.6237
0.3926 0.8830 0.3530 0.7759 0.5883 0.7658 0.8122 0.7483 0.2499 0.1705 0.1055
0.3061 0.4750 0.8870 0.5666 0.5331 0.8309 0.3001 0.1598 0.2986 0.3117 0.6706
0.6813 0.3586 0.8241 0.1570 0.2316 0.7915 0.6909 0.1287 0.6364 0.4560 0.1015
0.4137 0.6832 0.3693 0.4322 0.8066 0.2541 0.5516 0.6893 0.7932 0.2162 0.7288
0.6255 0.7368 0.1405 0.3551 0.5478 0.7664 0.5335 0.5451 0.6100 0.4928 0.5014
0.1818 0.5857 0.1815 0.6433 0.8522 0.1793 0.3968 0.8919 0.3887 0.6658 0.2984
0.5841 0.6603 0.1650 0.6636 0.6173 0.6238 0.4271 0.8877 0.4503 0.2896 0.2210
0.6202 0.2954 0.8432 0.8449 0.1002 0.3667 0.5172 0.5963 0.8128 0.5441 0.3191
0.1961 0.6839 0.2142 0.3259 0.3668 0.5567 0.8224 0.5676 0.7854 0.1015 0.6733
0.3172 0.7543 0.4612 0.4981 0.4800 0.3208 0.3386 0.2889 0.4425 0.8346 0.8274
0.3014 0.3650 0.4313 0.7071 0.5647 0.2891 0.2677 0.2946 0.3532 0.5129 0.8869
0.5985 0.2151 0.6283 0.2877 0.7503 0.2551 0.8412 0.7150 0.2627 0.3516 0.2238
0.3107 0.7639 0.3827 0.8082 0.8428 0.5697 0.1753 0.7392 0.6804 0.3236 0.4553
0.7085 0.1453 0.2554 0.2034 0.4019 0.7068 0.4528 0.6925 0.2783 0.3773 0.5722
0.2046 0.4708 0.6194 0.5113 0.5410 0.7607 0.3784 0.6567 0.7736 0.7005 0.4443
0.5539 0.3658 0.5770 0.4571 0.6974 0.5849 0.4312 0.6683 0.2730 0.8292 0.7568
0.3477 0.7339 0.3188 0.6528 0.7683 0.2137 0.7782 0.5343 0.5961 0.6703 0.6909
0.5888 0.6062 0.6573 0.8265 0.2857 0.4150 0.1344 0.4307 0.1612 0.7471 0.2889
0.2361 0.3606 0.1319 0.2704 0.3828 0.8280 0.3991 0.8567 0.3882 0.2733 0.6215
0.5924 0.3117 0.3593 0.5564 0.6726 0.4946 0.4744 0.6201 0.2574 0.8347 0.6165
0.2588 0.4103 0.4686 0.5819 0.8939 0.1085 0.3649 0.3767 0.3169 0.4777 0.4428
0.4472 0.4471 0.5967 0.3602 0.3936 0.2482 0.7540 0.8572 0.7562 0.7021 0.2384
